1997	8	1	8.888	0.388	1.715079168
1997	8	2	0.265	0.517	3.779445715
1997	8	3	1.034	0.543	2.157359616
1997	8	4	0	0.448	4.788141263
1997	8	5	0	0.428	4.964434375
1997	8	6	0.027	0.393	6.870492967
1997	8	7	0	0.405	6.895517864
1997	8	8	0	0.34	5.291920115
1997	8	9	0	0.32	4.777136016
1997	8	10	0	0.355	5.784952734
1997	8	11	0	0.373	7.558610764
1997	8	12	0	0.25	5.443552076
1997	8	13	0	0.317	4.686269341
1997	8	14	0.029	0.26	2.055516147
1997	8	15	0	0.24	4.048906446
1997	8	16	0	0.261	3.261941544
1997	8	17	0.023	0.261	3.687649581
1997	8	18	0.219	0.318	3.390215198
1997	8	19	0	0.269	5.362705161
1997	8	20	0	0.253	3.410881227
1997	8	21	0.034	0.258	3.245244657
1997	8	22	1.074	0.256	1.35529417
1997	8	23	0.168	0.275	1.629419884
1997	8	24	1.318	0.267	3.650447878
1997	8	25	0.917	0.283	2.371074936
1997	8	26	1.912	0.265	1.742729715
1997	8	27	19.422	0.241	1.999419627
1997	8	28	6.463	0.436	1.493182111
1997	8	29	1.877	0.315	2.554227002
1997	8	30	1.741	0.27	1.240518916
1997	8	31	0	0.381	2.851292183
1997	9	1	18.03	0.331	2.689806238
1997	9	2	0.224	0.512	1.890372925
1997	9	3	0.048	0.401	2.549904942
1997	9	4	0.233	0.337	2.074588209
1997	9	5	0.021	0.325	1.345103899
1997	9	6	1.054	0.283	3.125423848
1997	9	7	0.177	0.259	2.111968289
1997	9	8	0.027	0.329	2.069636979
1997	9	9	0	0.276	2.387859138
1997	9	10	0	0.272	2.318850716
1997	9	11	0.057	0.243	1.702904919
1997	9	12	5.679	0.234	2.083125845
1997	9	13	1.756	0.233	2.838020743
1997	9	14	0.024	0.292	2.838480005
1997	9	15	0.024	0.252	2.455576132
1997	9	16	0	0.218	2.912974891
1997	9	17	0	0.166	1.4523208
1997	9	18	0	0.278	1.857262174
1997	9	19	0	0.225	2.384371107
1997	9	20	0	0.21	2.37815146
1997	9	21	0	0.143	2.270020218
1997	9	22	0	0.253	2.364806035
1997	9	23	0	0.223	2.024413029
1997	9	24	0	0.219	0.936394642
1997	9	25	0	0.224	2.376598893
1997	9	26	0	0.204	2.235202171
1997	9	27	0.013	0.136	1.045255873
1997	9	28	0.02	0.084	1.3360758
1997	9	29	0	0.229	0.8175623
1997	9	30	0	0.259	0.870825707
1997	10	1	0	0.196	0.918824899
1997	10	2	0	0.2	1.902125796
1997	10	3	0	0.186	1.08114284
1997	10	4	0	0.143	1.266745539
1997	10	5	0.025	0.137	0.801370856
1997	10	6	4.925	0.269	1.650918881
1997	10	7	5.637	0.228	1.565348705
1997	10	8	17.869	0.218	1.118420993
1997	10	9	5.067	0.489	1.601159257
1997	10	10	10.375	0.552	2.281327364
1997	10	11	18.213	0.383	1.302651646
1997	10	12	2.783	0.602	1.021277557
1997	10	13	3.715	0.629	0.997999036
1997	10	14	7.096	0.526	0.828846151
1997	10	15	6.177	0.536	0.506128385
1997	10	16	0	0.551	0.523931924
1997	10	17	0.01	0.413	0.739057988
1997	10	18	0.052	0.422	1.192238235
1997	10	19	0.027	0.348	0.839936064
1997	10	20	0	0.376	1.47392737
1997	10	21	0	0.257	1.168895961
1997	10	22	0.01	0.292	0.628365779
1997	10	23	0.134	0.301	0.445512888
1997	10	24	0	0.273	0.608021205
1997	10	25	0.033	0.261	0.496632394
1997	10	26	0.016	0.229	0.399778565
1997	10	27	0	0.246	1.245235545
1997	10	28	0	0.234	0.924497606
1997	10	29	0	0.266	0.500369956
1997	10	30	0	0.224	0.57260976
1997	10	31	0	0.178	0.722328795
1997	11	1	0.01	0.22	0.279821777
1997	11	2	0.01	0.239	0.245347397
1997	11	3	0	0.271	0.543721933
1997	11	4	3.412	0.223	1.28987015
1997	11	5	2.755	0.242	0.543456403
1997	11	6	14.176	0.256	0.436234701
1997	11	7	1.557	0.487	0.550322026
1997	11	8	5.211	0.558	1.145977002
1997	11	9	5.97	0.329	1.182559827
1997	11	10	4.657	0.54	0.940182118
1997	11	11	3.412	0.889	0.506540265
1997	11	12	3.408	0.845	0.150457154
1997	11	13	0.228	0.765	0.25872761
1997	11	14	0	0.816	0.362936653
1997	11	15	3.65	0.597	0.277881193
1997	11	16	0.206	0.629	0.35878464
1997	11	17	0	0.773	0.5639871
1997	11	18	0	0.712	0.890473252
1997	11	19	4.005	0.516	1.626417262
1997	11	20	4.18	0.618	0.672418719
1997	11	21	0.074	0.713	0.249297605
1997	11	22	0.048	0.585	0.098065328
1997	11	23	0	0.661	0.209273893
1997	11	24	0	0.582	0.326843921
1997	11	25	0	0.523	0.275472962
1997	11	26	0.06	0.535	0.456125292
1997	11	27	4.258	0.497	0.32318602
1997	11	28	9.069	0.55	0.174916478
1997	11	29	3.427	0.484	0.38137653
1997	11	30	6.271	0.823	0.283282142
1997	12	1	0.098	1.094	0
1997	12	2	3.202	1.082	0.315613938
1997	12	3	0	0.999	0.162902799
1997	12	4	0	0.816	0.175040506
1997	12	5	0.016	0.733	0.224833612
1997	12	6	0.209	0.707	0.705008245
1997	12	7	0.783	0.702	0.353074097
1997	12	8	1.369	0.692	0.682368045
1997	12	9	5.429	0.635	0.49015518
1997	12	10	8.178	0.827	0.591520224
1997	12	11	13.158	1.105	0.478777948
1997	12	12	3.694	1.74	0.600222252
1997	12	13	1.578	2.182	0.095344558
1997	12	14	1.039	1.897	0.22162639
1997	12	15	0	1.763	1.167743337
1997	12	16	0	1.485	1.128002076
1997	12	17	1.93	1.41	1.245815442
1997	12	18	5.122	1.361	0.982200477
1997	12	19	0.282	1.499	0.414130627
1997	12	20	2.862	1.644	0.003517002
1997	12	21	3.313	1.676	0.168312422
1997	12	22	0.013	1.455	0.158310601
1997	12	23	2.36	1.527	0.11482421
1997	12	24	9.06	1.565	0.312433486
1997	12	25	11.311	1.985	1.321323199
1997	12	26	9.159	2.216	0.842789566
1997	12	27	2.414	2.766	0.196356893
1997	12	28	5.007	2.887	0
1997	12	29	0.688	2.891	0.070157685
1997	12	30	0.679	2.564	0.448765245
1997	12	31	4.512	2.165	0.411881005
1998	1	1	6.656	2.121	0.309345857
1998	1	2	11.639	2.172	0.639174723
1998	1	3	9.121	3.31	1.336004684
1998	1	4	3.726	4.046	1.38273997
1998	1	5	10.497	4.022	1.25224029
1998	1	6	3.696	4.285	0.706801815
1998	1	7	1.362	4.085	0.948629096
1998	1	8	0.025	3.555	1.407172014
1998	1	9	0	3.141	0.772663904
1998	1	10	0	2.6	0.252042294
1998	1	11	0.013	2.371	0.18597241
1998	1	12	0	1.996	0.318451699
1998	1	13	0.473	1.857	0.414884606
1998	1	14	2.585	1.615	1.014567871
1998	1	15	11.716	1.515	0.553437894
1998	1	16	6.329	1.611	0.351507862
1998	1	17	0.11	2.191	0.634647594
1998	1	18	15.031	2.093	0.884753493
1998	1	19	8.08	2.541	0.706876142
1998	1	20	2.89	3.235	0.805195418
1998	1	21	0.01	3.257	0.282164127
1998	1	22	0.016	2.845	0.229863095
1998	1	23	0.288	2.657	0.229814743
1998	1	24	0.456	2.351	0.651840967
1998	1	25	0	2.055	0.9154507
1998	1	26	0	1.947	0.264799317
1998	1	27	0	1.823	0.108798762
1998	1	28	0.182	1.652	0.272791629
1998	1	29	0.214	1.384	0.162395393
1998	1	30	0.033	1.183	0.259838913
1998	1	31	0	1.224	1.103260923
1998	2	1	0	1.18	0.497714785
1998	2	2	0.426	0.99	0.266040603
1998	2	3	0	1.033	0.314735368
1998	2	4	0	0.964	0.474743432
1998	2	5	0	0.876	0.3670048
1998	2	6	0	0.865	0.713420807
1998	2	7	0.95	0.812	0.707788417
1998	2	8	0	0.838	0.437427127
1998	2	9	0	0.764	1.257271512
1998	2	10	0	0.799	0.789692289
1998	2	11	0	0.714	1.226253162
1998	2	12	0	0.706	1.115695962
1998	2	13	0.034	0.738	0.87309081
1998	2	14	0	0.709	0.889943725
1998	2	15	0.013	0.705	1.276807298
1998	2	16	1.661	0.709	1.642588746
1998	2	17	0.101	0.679	0.771366116
1998	2	18	0.039	0.663	0.875051666
1998	2	19	0.099	0.661	0.883228475
1998	2	20	0	0.573	1.36948986
1998	2	21	3.101	0.604	0.855824883
1998	2	22	3.471	0.655	0.59149847
1998	2	23	0.555	0.661	0.822018387
1998	2	24	0.016	0.634	0.708070428
1998	2	25	0	0.635	0.584679821
1998	2	26	0.188	0.57	0.780029647
1998	2	27	0.584	0.54	1.903741751
1998	2	28	1.954	0.574	1.761076122
1998	3	1	1.703	0.632	0.78497414
1998	3	2	2.31	0.666	1.473205409
1998	3	3	2.328	0.619	1.048445161
1998	3	4	13.299	0.697	1.819308005
1998	3	5	2.305	1.015	1.543193809
1998	3	6	15.094	1.242	0.574031131
1998	3	7	16.619	1.98	1.306623693
1998	3	8	4.687	2.588	1.210012098
1998	3	9	0	3.14	1.179758501
1998	3	10	1.857	2.618	2.230059076
1998	3	11	4.757	2.115	0.75838001
1998	3	12	0.514	2.083	1.291191434
1998	3	13	1.51	1.935	0.667385042
1998	3	14	0.918	1.564	0.870208881
1998	3	15	1.143	1.427	0.8689526
1998	3	16	0.02	1.311	0.880037172
1998	3	17	0	1.198	1.254387088
1998	3	18	0.013	1.168	1.369370334
1998	3	19	0	1.071	1.750173112
1998	3	20	4.029	0.939	0.833275437
1998	3	21	0	0.994	1.474842293
1998	3	22	1.701	0.941	0.953314912
1998	3	23	0.915	0.949	1.776956766
1998	3	24	0	0.89	2.014098374
1998	3	25	0	0.775	2.769707738
1998	3	26	1.965	0.758	1.956119723
1998	3	27	0.216	0.767	0.827090439
1998	3	28	0	0.776	1.145866918
1998	3	29	0	0.73	1.803329959
1998	3	30	0	0.744	2.496391323
1998	3	31	0.133	0.681	1.472791682
1998	4	1	2.48	0.644	0.940700167
1998	4	2	9.228	0.686	1.268880797
1998	4	3	17.606	0.817	1.472619681
1998	4	4	4.27	1.398	2.052105908
1998	4	5	7.036	2.049	2.065274647
1998	4	6	5.627	2.225	1.886768635
1998	4	7	19.842	2.328	1.446477187
1998	4	8	1.602	4.402	1.380767549
1998	4	9	3.935	4.268	1.548672933
1998	4	10	2.234	3.376	1.06787229
1998	4	11	1.288	3.053	1.807364427
1998	4	12	0.391	2.604	2.601721445
1998	4	13	0.859	2.257	1.203319268
1998	4	14	2.16	2	1.863102631
1998	4	15	12.891	1.868	1.136372301
1998	4	16	0.782	2.297	2.148907557
1998	4	17	8.371	2.202	1.863267385
1998	4	18	0.991	2.593	1.320043283
1998	4	19	2.263	2.662	1.402875206
1998	4	20	6.283	2.186	1.542501855
1998	4	21	0.121	2.206	2.439642075
1998	4	22	0	2.09	4.16655539
1998	4	23	2.169	2.039	3.963438822
1998	4	24	1.044	1.743	2.020907369
1998	4	25	4.197	1.607	1.385131402
1998	4	26	10.96	1.735	1.843940348
1998	4	27	9.549	2.116	1.353950386
1998	4	28	3.042	2.484	2.244450399
1998	4	29	0.029	2.382	2.583372427
1998	4	30	0.013	2.2	1.423478303
1998	5	1	0.726	1.974	1.232565773
1998	5	2	2.455	1.808	1.324712168
1998	5	3	0.063	1.774	2.163891386
1998	5	4	0.016	1.662	3.063543968
1998	5	5	1.606	1.607	2.11755193
1998	5	6	1.923	1.464	1.884168883
1998	5	7	0.067	1.312	2.562976144
1998	5	8	0	1.214	5.071069357
1998	5	9	0	0.988	4.811146043
1998	5	10	0	1.048	5.299114894
1998	5	11	0	0.943	5.518851245
1998	5	12	0.236	0.847	5.646904218
1998	5	13	0	0.879	7.050036359
1998	5	14	0.027	0.774	7.247484614
1998	5	15	0	0.725	7.109042151
1998	5	16	0	0.739	6.605089016
1998	5	17	0	0.67	5.902487119
1998	5	18	0	0.609	4.957485678
1998	5	19	0	0.657	5.335052818
1998	5	20	0.019	0.544	2.876562616
1998	5	21	0.717	0.608	2.770351786
1998	5	22	0.013	0.592	2.653807699
1998	5	23	0.851	0.533	1.76270931
1998	5	24	2.252	0.544	1.558514109
1998	5	25	1.924	0.598	2.241515991
1998	5	26	5.542	0.57	1.41756754
1998	5	27	5.79	0.678	1.978332704
1998	5	28	7.884	0.664	2.930006827
1998	5	29	0.036	0.676	2.008670131
1998	5	30	0.023	0.564	2.359005
1998	5	31	1.902	0.436	2.732652746
1998	6	1	3.431	0.569	3.54700101
1998	6	2	9.232	0.594	3.381364323
1998	6	3	0.199	0.678	3.891511643
1998	6	4	0.013	0.588	2.733114584
1998	6	5	1.151	0.489	2.832779886
1998	6	6	11.38	0.631	2.441051402
1998	6	7	13.126	0.975	2.974000301
1998	6	8	1.925	0.71	3.445885738
1998	6	9	4.018	0.581	1.767375949
1998	6	10	3.606	0.866	4.429727942
1998	6	11	10.292	0.804	2.338244553
1998	6	12	2.078	0.82	3.054901968
1998	6	13	5.99	0.705	3.985910209
1998	6	14	8.315	0.741	1.97194326
1998	6	15	7.607	0.845	2.966948683
1998	6	16	10.758	0.968	2.608929707
1998	6	17	0.696	1.164	4.118558184
1998	6	18	0.065	0.976	1.681166825
1998	6	19	0	0.857	2.678569299
1998	6	20	0	0.673	4.910924628
1998	6	21	1.827	0.617	5.584532505
1998	6	22	0	0.569	5.513972828
1998	6	23	0.025	0.513	1.940853323
1998	6	24	0	0.46	2.588980053
1998	6	25	1.35	0.443	4.258301564
1998	6	26	0	0.409	3.481512077
1998	6	27	5.661	0.418	2.73965853
1998	6	28	0.199	0.467	4.159770545
1998	6	29	0	0.463	2.765979114
1998	6	30	4.817	0.417	2.218977991
1998	7	1	0.029	0.448	3.80582465
1998	7	2	0.016	0.358	1.940584433
1998	7	3	0	0.381	2.399400173
1998	7	4	0	0.374	2.462389816
1998	7	5	0.097	0.365	2.30343868
1998	7	6	4.446	0.339	2.968979834
1998	7	7	1.467	0.365	3.318597819
1998	7	8	0.03	0.371	3.751930097
1998	7	9	2.565	0.343	1.817113688
1998	7	10	3.148	0.373	2.173217409
1998	7	11	6.846	0.39	3.957480747
1998	7	12	9.131	0.386	1.693011326
1998	7	13	9.013	0.496	4.28137012
1998	7	14	1.969	0.551	2.512169892
1998	7	15	3.327	0.434	2.64945526
1998	7	16	7.564	0.509	2.407404892
1998	7	17	2.697	0.538	2.667986728
1998	7	18	0.042	0.427	3.200051491
1998	7	19	0	0.446	4.26531195
1998	7	20	0.016	0.408	5.006855301
1998	7	21	4.406	0.427	3.798211356
1998	7	22	0.387	0.459	5.048633656
1998	7	23	1.153	0.322	3.421207702
1998	7	24	0.037	0.359	3.502418553
1998	7	25	0	0.315	4.297448563
1998	7	26	0	0.289	3.130834171
1998	7	27	0.25	0.328	3.390494994
1998	7	28	2.277	0.268	2.303568141
1998	7	29	5.636	0.273	1.753170563
1998	7	30	0.117	0.349	2.926517163
1998	7	31	0.042	0.306	3.020979702
1998	8	1	1.409	0.324	1.989377911
1998	8	2	2.322	0.294	3.347948085
1998	8	3	0.228	0.312	3.97135944
1998	8	4	1.261	0.29	3.801642629
1998	8	5	0	0.256	2.652811358
1998	8	6	0	0.274	4.939997089
1998	8	7	0	0.289	3.171148815
1998	8	8	0	0.217	4.881626466
1998	8	9	0	0.297	4.393382049
1998	8	10	0	0.253	5.040686968
1998	8	11	0	0.237	4.225558288
1998	8	12	0.016	0.226	3.76774535
1998	8	13	0	0.212	4.286576671
1998	8	14	0	0.186	2.4338359
1998	8	15	0	0.14	2.171845785
1998	8	16	0	0.214	3.026536845
1998	8	17	0.013	0.264	3.226575067
1998	8	18	0	0.217	2.948279682
1998	8	19	0.013	0.191	3.296248771
1998	8	20	1.672	0.173	3.259823194
1998	8	21	11.967	0.175	2.57630187
1998	8	22	5.702	0.276	2.426160873
1998	8	23	14.35	0.327	1.882465985
1998	8	24	2.956	0.497	2.163134746
1998	8	25	0.025	0.327	2.210091211
1998	8	26	3.067	0.333	1.430562232
1998	8	27	1.503	0.314	2.199009803
1998	8	28	0.016	0.307	1.557232099
1998	8	29	0.583	0.191	1.704821589
1998	8	30	0.779	0.25	1.597224493
1998	8	31	0.096	0.286	1.772973424
1998	9	1	5.781	0.234	2.197244347
1998	9	2	6.356	0.222	1.376264508
1998	9	3	9.735	0.31	1.173342127
1998	9	4	5.199	0.454	1.65515944
1998	9	5	13.381	0.442	1.796101102
1998	9	6	1.895	0.571	1.787965891
1998	9	7	3.045	0.568	1.615222246
1998	9	8	3.084	0.478	1.832526127
1998	9	9	3.292	0.382	1.686952969
1998	9	10	2.212	0.43	3.158436441
1998	9	11	9.917	0.431	2.222257856
1998	9	12	8.243	0.575	1.401645389
1998	9	13	18.834	0.695	0.802761511
1998	9	14	17.637	2.474	0.834352579
1998	9	15	4.587	2.992	1.840318095
1998	9	16	3.022	1.804	2.335257543
1998	9	17	1.937	1.45	1.453240375
1998	9	18	0.016	1.172	1.502387108
1998	9	19	0.009	0.863	1.722909412
1998	9	20	0.052	0.761	1.516610811
1998	9	21	0	0.654	2.230354655
1998	9	22	0	0.574	2.339282586
1998	9	23	0	0.516	2.131492938
1998	9	24	0.18	0.493	2.312149414
1998	9	25	0	0.444	1.975245236
1998	9	26	2.657	0.463	2.036812781
1998	9	27	7.764	1.072	1.648619927
1998	9	28	5.033	0.547	1.023732714
1998	9	29	1.118	0.777	0.902066364
1998	9	30	2.528	0.529	0.966979348
1998	10	1	0.105	0.532	0.730262273
1998	10	2	1.312	0.441	1.137381591
1998	10	3	0.53	0.378	0.584362765
1998	10	4	0.812	0.438	0.597631532
1998	10	5	0.226	0.471	0.680744155
1998	10	6	1.727	0.41	1.498243824
1998	10	7	5.206	0.367	0.538544557
1998	10	8	4.728	0.576	0.501116071
1998	10	9	4.769	0.407	0.630519001
1998	10	10	5.739	0.643	0.865660619
1998	10	11	5.491	0.603	0.802430502
1998	10	12	1.913	0.658	1.414897984
1998	10	13	5.543	0.789	0.798624569
1998	10	14	10.457	0.746	0.605134804
1998	10	15	0.078	0.847	0.990717469
1998	10	16	0.083	0.905	1.115010809
1998	10	17	8.617	0.933	1.315016514
1998	10	18	1.756	0.976	0.678545752
1998	10	19	0.539	0.948	0.774327692
1998	10	20	0.229	0.962	0.825371826
1998	10	21	1.831	0.857	0.939731824
1998	10	22	1	0.798	0.988187662
1998	10	23	10.605	0.782	1.063189735
1998	10	24	24.748	0.934	0.77376664
1998	10	25	6.723	2.707	2.129217095
1998	10	26	9.132	3.356	0.862085321
1998	10	27	10.518	3.095	0.857935952
1998	10	28	23.11	3.41	2.26539412
1998	10	29	7.798	4.416	1.759344497
1998	10	30	3.082	4.521	0.671545201
1998	10	31	42.679	4.555	0.496230536
1998	11	1	1.231	6.096	0.592121196
1998	11	2	5.086	7.102	0.490598771
1998	11	3	0.974	6.077	0.568203865
1998	11	4	2.261	5.174	0.340960031
1998	11	5	1.652	4.177	0.757971061
1998	11	6	1.478	3.589	0.726656048
1998	11	7	0	3.088	0.247140271
1998	11	8	9.824	2.913	0.353094895
1998	11	9	1.216	3.027	0.499586919
1998	11	10	1.989	2.765	0.481429065
1998	11	11	0.081	2.564	0.272231865
1998	11	12	0.857	2.162	0.413046704
1998	11	13	5.646	1.877	0.371625331
1998	11	14	9.748	1.944	0.216947832
1998	11	15	8.001	2.427	0.179728236
1998	11	16	0.284	2.619	0.162852463
1998	11	17	0.007	2.659	0.108213067
1998	11	18	5.073	2.236	0.157844585
1998	11	19	0	2.135	0.110410786
1998	11	20	0	2.041	0.002507618
1998	11	21	0	1.759	0.058941075
1998	11	22	0	1.544	0.197724011
1998	11	23	0	1.46	0
1998	11	24	0.027	1.252	0.210437687
1998	11	25	0.784	1.172	0.318574824
1998	11	26	6.543	1.205	0.17229521
1998	11	27	0.779	1.366	0.231289188
1998	11	28	5.075	1.389	0.165410253
1998	11	29	5.446	1.535	0.159656565
1998	11	30	0.114	2.168	0.320821396
1998	12	1	0	1.787	0.357447907
1998	12	2	0.01	1.568	0.523857301
1998	12	3	0	1.436	0.251696827
1998	12	4	7.279	1.356	0.065757051
1998	12	5	6.43	1.318	0.185768576
1998	12	6	3.158	1.292	0.268944177
1998	12	7	0.513	1.234	0.094752028
1998	12	8	3.062	1.06	0.083016699
1998	12	9	4.113	1.22	0.09613388
1998	12	10	4.027	1.581	0.097209707
1998	12	11	2.217	1.809	0.129811643
1998	12	12	11.728	2.544	0.166401719
1998	12	13	0.434	3.569	1.227848832
1998	12	14	0.82	3.635	0.409720147
1998	12	15	1.709	3.329	0.226336195
1998	12	16	0	2.831	0.042270604
1998	12	17	0.083	2.493	0.219918499
1998	12	18	8.165	2.175	0.23052729
1998	12	19	1.927	2.088	0.446573337
1998	12	20	0.445	2.077	0
1998	12	21	0.293	2.128	0
1998	12	22	1.119	1.846	0.237298381
1998	12	23	0.156	1.696	0.704483529
1998	12	24	1.053	1.617	0.146447049
1998	12	25	3.159	1.6	0.31466418
1998	12	26	11.638	1.523	1.074107549
1998	12	27	6.07	1.89	1.17717209
1998	12	28	2.131	3.264	0.595079924
1998	12	29	0.027	3.119	0.221181735
1998	12	30	0.51	2.829	0.373206399
1998	12	31	0.39	2.331	0.863977012
1999	1	1	0.066	2.062	0.654499131
1999	1	2	5.826	1.867	0.554281191
1999	1	3	13.182	1.993	0.422448468
1999	1	4	1.281	2.494	0.520404916
1999	1	5	0	2.595	0.482208573
1999	1	6	1.493	2.408	1.098374415
1999	1	7	10.832	2.415	0.434428358
1999	1	8	5.816	2.574	0.693698175
1999	1	9	0.383	2.854	0.274228681
1999	1	10	0.01	2.898	0.091244181
1999	1	11	0.041	2.472	0.143312472
1999	1	12	6.058	2.241	0.251449558
1999	1	13	6.513	2.081	0.298422589
1999	1	14	1.153	2.203	0.960287306
1999	1	15	2.484	2.586	1.18417594
1999	1	16	11.096	2.531	0.834965013
1999	1	17	1.877	3.245	0.39911168
1999	1	18	0	3.581	0.411892311
1999	1	19	0	3.098	1.042686879
1999	1	20	0.089	2.676	0.846850887
1999	1	21	0.038	2.35	0.253119209
1999	1	22	0.026	2.065	0.08075535
1999	1	23	0.033	1.898	0.22527668
1999	1	24	3.259	1.694	0.36576352
1999	1	25	12.722	1.719	0.999166355
1999	1	26	10.264	2.128	0.704989179
1999	1	27	6.15	2.827	0.504287556
1999	1	28	9.882	3.607	0.45874957
1999	1	29	0.042	4.329	0.524240731
1999	1	30	0	3.748	0.148584531
1999	1	31	0.041	3.135	0.250938797
1999	2	1	1.636	2.596	0.288669531
1999	2	2	0.062	2.473	0.34827408
1999	2	3	0.313	2.234	0.429578057
1999	2	4	1.723	2.181	1.258938537
1999	2	5	7.266	2.156	1.820557115
1999	2	6	10.277	2.106	0.525849889
1999	2	7	7.04	2.538	0.519346754
1999	2	8	0.715	2.824	0.301638215
1999	2	9	0.874	2.574	0.212801994
1999	2	10	2.316	2.276	0.368986567
1999	2	11	0.241	2.13	0.423448867
1999	2	12	0.025	2.001	0.369909866
1999	2	13	0	1.747	0.428556821
1999	2	14	2.299	1.533	0.28269169
1999	2	15	1.039	1.558	0.288806694
1999	2	16	4.04	1.625	1.528843694
1999	2	17	7.407	1.843	1.16672383
1999	2	18	3.508	1.896	0.412302702
1999	2	19	18.825	2.415	0.449268515
1999	2	20	1.336	4.675	0.917404247
1999	2	21	14.981	5.3	0.873570579
1999	2	22	6.067	5.369	1.083952084
1999	2	23	4.846	5.109	0.987952583
1999	2	24	0.363	4.506	0.73828192
1999	2	25	0	3.758	0.881359794
1999	2	26	0	3.256	0.805016541
1999	2	27	1.85	3.136	0.631389528
1999	2	28	5.765	3.059	1.702627692
1999	3	1	22.922	3.431	0.726568893
1999	3	2	9.648	5.144	0.709209684
1999	3	3	3.981	6.087	1.923093944
1999	3	4	2.363	5.956	1.003503655
1999	3	5	2.437	5.242	0.635287734
1999	3	6	2.304	4.69	0.745342413
1999	3	7	4.953	4.016	0.804443135
1999	3	8	4.38	3.797	0.618722219
1999	3	9	0.561	3.644	0.524078705
1999	3	10	0.068	3.387	0.60055172
1999	3	11	0	3.126	1.402764423
1999	3	12	0.007	2.97	2.275954065
1999	3	13	0.013	2.596	1.589620486
1999	3	14	0	2.457	1.187609283
1999	3	15	0	2.531	1.231586156
1999	3	16	0	2.728	1.538823424
1999	3	17	0	2.714	0.895089007
1999	3	18	3.614	2.319	0.986403572
1999	3	19	0.162	2.077	1.109658974
1999	3	20	0.1	1.867	1.093337965
1999	3	21	13.879	1.607	0.891018387
1999	3	22	8.297	1.977	1.237377393
1999	3	23	5.64	2.492	0.811596807
1999	3	24	0	2.721	1.349358403
1999	3	25	2.104	2.181	2.270998105
1999	3	26	3.521	2.023	1.61534354
1999	3	27	0.013	1.925	1.898055689
1999	3	28	0	1.777	1.603816342
1999	3	29	0	1.613	3.148006241
1999	3	30	0.013	1.494	1.575674746
1999	3	31	0	1.461	2.65439596
1999	4	1	0	1.46	4.206657416
1999	4	2	0.405	1.432	3.732282031
1999	4	3	4.503	1.319	1.209953913
1999	4	4	0.212	1.413	1.034994737
1999	4	5	0.978	1.323	1.041249503
1999	4	6	1.638	1.196	1.581913443
1999	4	7	2.747	1.165	1.751423498
1999	4	8	0.075	1.155	1.128611551
1999	4	9	0.013	1.161	1.097073066
1999	4	10	1.25	0.955	1.277164567
1999	4	11	1.843	1.07	2.904390061
1999	4	12	13.387	1.044	2.006338463
1999	4	13	5.208	1.472	2.134609103
1999	4	14	17.589	1.584	1.808457125
1999	4	15	0.719	2.163	1.63925196
1999	4	16	0.219	2.759	2.003220911
1999	4	17	0.209	2.638	1.556770494
1999	4	18	2.604	2.28	1.912100997
1999	4	19	0.272	2.101	1.574735954
1999	4	20	7.155	1.801	3.263044763
1999	4	21	3.334	1.739	3.069528852
1999	4	22	2.426	1.995	2.256002314
1999	4	23	1.05	1.966	3.333925888
1999	4	24	0.19	1.834	2.183455178
1999	4	25	0.02	1.624	3.768668488
1999	4	26	2.542	1.652	4.688265659
1999	4	27	0.064	1.457	4.914526438
1999	4	28	0	1.305	4.198568579
1999	4	29	0	1.201	4.062425304
1999	4	30	0	1.15	4.145403804
1999	5	1	0.071	1.063	2.32500743
1999	5	2	0	1.063	3.698293219
1999	5	3	0	0.951	4.562379683
1999	5	4	0.085	0.874	5.114750458
1999	5	5	1.886	0.894	2.848074313
1999	5	6	0.117	0.87	1.230382238
1999	5	7	4.859	0.816	3.051143344
1999	5	8	0	0.887	3.930767479
1999	5	9	0.042	0.78	4.276218595
1999	5	10	7.492	0.827	2.653515568
1999	5	11	0.167	0.856	2.980784657
1999	5	12	0.013	0.745	3.105953006
1999	5	13	0.216	0.746	2.470901264
1999	5	14	0.627	0.733	2.780075415
1999	5	15	0.039	0.648	4.161636026
1999	5	16	0	0.653	3.099326883
1999	5	17	0.294	0.654	5.874746418
1999	5	18	5.081	0.66	8.793024388
1999	5	19	5.775	0.689	5.126561688
1999	5	20	2.118	0.837	2.891375331
1999	5	21	0.516	0.727	4.301718915
1999	5	22	0.061	0.672	3.775046449
1999	5	23	0	0.661	2.599054752
1999	5	24	0	0.535	2.304288354
1999	5	25	0	0.592	4.227406085
1999	5	26	0	0.568	4.573747238
1999	5	27	0.154	0.524	6.362495283
1999	5	28	0.062	0.506	4.461713779
1999	5	29	0.04	0.495	5.171720781
1999	5	30	7.66	0.574	2.155460849
1999	5	31	0.024	0.576	3.917950028
1999	6	1	0.058	0.51	3.640262398
1999	6	2	1.038	0.497	3.670376225
1999	6	3	6.182	0.473	4.636158142
1999	6	4	19.046	0.637	2.917615718
1999	6	5	5.308	0.933	2.59245212
1999	6	6	4.494	0.813	3.812082016
1999	6	7	4.37	0.726	2.788764883
1999	6	8	0.458	0.73	3.489063281
1999	6	9	0.656	0.554	4.724380166
1999	6	10	0	0.55	3.548038072
1999	6	11	0	0.55	2.55126525
1999	6	12	0	0.456	2.223874079
1999	6	13	1.85	0.483	3.525816861
1999	6	14	0.188	0.571	5.011052931
1999	6	15	0.246	0.467	5.294633824
1999	6	16	0	0.467	4.861377597
1999	6	17	0	0.429	4.014486917
1999	6	18	0	0.471	3.934892257
1999	6	19	0	0.351	5.332388899
1999	6	20	5.194	0.37	2.808480104
1999	6	21	3.912	0.536	3.461191605
1999	6	22	0.007	0.404	3.678698415
1999	6	23	0	0.389	2.545301436
1999	6	24	0	0.377	4.000297408
1999	6	25	0	0.361	5.637878712
1999	6	26	10.011	0.411	5.706451971
1999	6	27	9.222	0.389	3.067841501
1999	6	28	0.706	0.6	4.1554397
1999	6	29	5.259	0.527	2.08816546
1999	6	30	2.136	0.469	2.752711997
1999	7	1	0.414	0.4	2.686479452
1999	7	2	0	0.422	2.615806879
1999	7	3	0	0.38	5.242259829
1999	7	4	28.81	0.404	2.937195662
1999	7	5	0.379	1.146	1.612243459
1999	7	6	4.095	0.703	3.453053347
1999	7	7	2.452	0.674	2.616306843
1999	7	8	0.013	0.717	4.013373812
1999	7	9	0	0.554	6.167422402
1999	7	10	0	0.506	6.259241697
1999	7	11	0	0.435	6.959031745
1999	7	12	2.122	0.474	4.560476494
1999	7	13	0.181	0.34	2.986106313
1999	7	14	0.507	0.359	3.76717241
1999	7	15	1.659	0.44	4.360647854
1999	7	16	0	0.369	4.347819161
1999	7	17	0	0.34	3.68855198
1999	7	18	0.206	0.369	4.798201505
1999	7	19	1.558	0.346	4.23102732
1999	7	20	2.533	0.365	4.373208468
1999	7	21	0.013	0.365	3.91185251
1999	7	22	2.795	0.371	2.562498692
1999	7	23	0	0.359	2.889813838
1999	7	24	0	0.283	4.799682999
1999	7	25	0	0.323	3.883760811
1999	7	26	0	0.322	5.196955402
1999	7	27	0	0.335	5.902052373
1999	7	28	0	0.291	6.556867958
1999	7	29	0	0.286	6.516908411
1999	7	30	0	0.258	6.423679524
1999	7	31	0	0.263	5.320005783
1999	8	1	0.009	0.278	5.304830123
1999	8	2	0	0.261	6.431560568
1999	8	3	0.952	0.221	4.034567676
1999	8	4	0.925	0.283	3.425141952
1999	8	5	0	0.275	3.346692846
1999	8	6	3.247	0.266	4.93384243
1999	8	7	0.641	0.248	1.473657251
1999	8	8	1.721	0.292	1.623699141
1999	8	9	3.04	0.263	3.445698276
1999	8	10	15.776	0.367	1.931367032
1999	8	11	0.181	0.377	2.453870951
1999	8	12	0.024	0.304	2.190792383
1999	8	13	3.003	0.283	2.8190328
1999	8	14	11.518	0.34	1.819472139
1999	8	15	2.252	0.307	3.604204472
1999	8	16	4.532	0.411	2.234776237
1999	8	17	0.884	0.386	1.912751707
1999	8	18	4.871	0.354	2.873705681
1999	8	19	2.159	0.361	2.524042761
1999	8	20	0.309	0.351	2.334002035
1999	8	21	0.024	0.305	1.862698559
1999	8	22	0	0.289	1.808056422
1999	8	23	0	0.275	3.606035544
1999	8	24	0	0.239	3.385146429
1999	8	25	4.778	0.252	3.768093712
1999	8	26	7.09	0.299	3.231322839
1999	8	27	0.038	0.27	2.074300435
1999	8	28	0	0.271	3.233908736
1999	8	29	0	0.324	2.734857578
1999	8	30	0	0.289	2.403385486
1999	8	31	0	0.251	1.785370388
1999	9	1	0.013	0.258	1.162148037
1999	9	2	0	0.245	2.651926082
1999	9	3	0	0.266	4.003023665
1999	9	4	0	0.207	2.391769623
1999	9	5	0	0.237	3.716228952
1999	9	6	4.334	0.278	2.668116712
1999	9	7	0.108	0.26	1.685774103
1999	9	8	0	0.239	2.621846941
1999	9	9	0.01	0.249	2.243697261
1999	9	10	0	0.238	2.389689372
1999	9	11	0	0.221	4.200867206
1999	9	12	0	0.259	2.772614698
1999	9	13	0.042	0.241	2.549894385
1999	9	14	0.696	0.254	1.150815485
1999	9	15	3.639	0.256	0.991766725
1999	9	16	0.914	0.249	2.631608001
1999	9	17	4.555	0.252	1.483290306
1999	9	18	0.067	0.232	2.425741628
1999	9	19	1.595	0.182	2.339828536
1999	9	20	0.108	0.271	1.733001888
1999	9	21	6.626	0.23	1.91720165
1999	9	22	17.39	0.23	1.218152624
1999	9	23	0.873	0.375	2.455489974
1999	9	24	0.321	0.429	2.414759762
1999	9	25	6.86	0.264	2.136440915
1999	9	26	1.184	0.345	1.74473124
1999	9	27	4.83	0.331	1.178208974
1999	9	28	4.938	0.336	1.477271639
1999	9	29	14.232	0.417	1.807705945
1999	9	30	12.75	0.757	1.098724748
1999	10	1	1.207	0.854	2.306661296
1999	10	2	19.186	0.704	1.493115121
1999	10	3	2.257	1.19	1.31041457
1999	10	4	4.072	1.066	0.820306386
1999	10	5	0.594	0.962	1.147193609
1999	10	6	0.051	0.787	0.928063817
1999	10	7	0.272	0.629	1.105150886
1999	10	8	6.129	0.582	0.664392129
1999	10	9	3.601	0.602	0.878795044
1999	10	10	1.871	0.652	0.959053752
1999	10	11	1.415	0.597	1.153663292
1999	10	12	0.048	0.562	1.078551536
1999	10	13	0.024	0.472	0.907401781
1999	10	14	0.026	0.526	0.589550219
1999	10	15	0.042	0.445	0.696835191
1999	10	16	0	0.452	1.275527672
1999	10	17	0	0.385	1.575170518
1999	10	18	0	0.409	1.669177287
1999	10	19	0.107	0.401	1.92880056
1999	10	20	0.097	0.35	2.482718438
1999	10	21	0.016	0.377	1.423325069
1999	10	22	4.152	0.347	0.865073586
1999	10	23	1.174	0.319	1.245453246
1999	10	24	8.721	0.477	1.300818045
1999	10	25	0.639	0.358	0.953894489
1999	10	26	0.942	0.531	0.802565136
1999	10	27	0.114	0.377	0.730490819
1999	10	28	0.064	0.358	0.530731819
1999	10	29	0.013	0.387	0.387914184
1999	10	30	5.673	0.401	1.220050715
1999	10	31	0.104	0.439	1.272584096
1999	11	1	12.597	0.403	1.430705652
1999	11	2	4.19	0.577	0.762218271
1999	11	3	0.048	0.769	0.505973508
1999	11	4	0	0.824	0.564799162
1999	11	5	2.644	0.706	0.920359026
1999	11	6	0.013	0.614	0.893998906
1999	11	7	0.617	0.673	0.490905921
1999	11	8	5.203	0.644	0.287044295
1999	11	9	3.262	0.649	0.416697318
1999	11	10	0.844	0.625	0.853880507
1999	11	11	0	0.627	0.535154899
1999	11	12	0	0.589	0.225011855
1999	11	13	0.435	0.523	0.161565994
1999	11	14	0.593	0.555	0.518379826
1999	11	15	0	0.505	0.096005626
1999	11	16	2.376	0.499	0.248682025
1999	11	17	3.252	0.519	0.272594557
1999	11	18	2.099	0.479	0.17704709
1999	11	19	1.939	0.556	0.386960352
1999	11	20	0.937	0.55	0.396467057
1999	11	21	0.212	0.514	0.143782634
1999	11	22	3.559	0.528	0.400175638
1999	11	23	1.298	0.498	0.258517624
1999	11	24	0.697	0.569	0.306089349
1999	11	25	1.749	0.588	0.401726531
1999	11	26	1.873	0.66	0.815408281
1999	11	27	1.155	0.576	0.383034368
1999	11	28	0	0.584	1.115416451
1999	11	29	0	0.585	0.671826086
1999	11	30	1.491	0.552	0.881162081
1999	12	1	5.108	0.565	1.311701514
1999	12	2	0.127	0.621	1.305838246
1999	12	3	4.113	0.59	1.972022223
1999	12	4	3.111	0.616	0.68766728
1999	12	5	1.14	0.707	0.120243435
1999	12	6	2.885	0.695	0.781824563
1999	12	7	11.241	0.844	0.833758726
1999	12	8	6.239	1.288	0.956435614
1999	12	9	1.37	1.451	1.143761752
1999	12	10	3.141	1.665	0.442280078
1999	12	11	29.18	1.596	0.705815237
1999	12	12	16.797	3.245	0.569234144
1999	12	13	9.497	5.188	0.555087315
1999	12	14	2.747	5.81	0.20010839
1999	12	15	1.369	5.499	0.120394572
1999	12	16	0.25	4.385	0.130817309
1999	12	17	20.479	3.797	0.548232589
1999	12	18	10.335	4.258	0.245036373
1999	12	19	2.108	4.792	0.049772962
1999	12	20	0.084	4.267	0.076264825
1999	12	21	0	3.886	0.199552754
1999	12	22	3.97	3.6	0.746779943
1999	12	23	1.359	3.248	0.432321052
1999	12	24	20.766	3.083	0.865477047
1999	12	25	13.153	4.422	1.577866288
1999	12	26	17.162	6.672	0.657704803
1999	12	27	2.473	8.625	0.178705833
1999	12	28	3.921	7.609	0.057617585
1999	12	29	0.422	6.113	0.275928955
1999	12	30	4.638	5.011	0.181187166
1999	12	31	0.816	4.301	0.154715526
2000	1	1	1.349	3.762	0.173023274
2000	1	2	0.156	3.526	0.214904029
2000	1	3	3.424	3.421	0.459641223
2000	1	4	10.893	3.361	0.309933718
2000	1	5	0.098	3.842	0.087943569
2000	1	6	3.767	3.551	0.480363548
2000	1	7	0.057	3.183	0.443778329
2000	1	8	2.329	2.964	0.293201833
2000	1	9	0.04	2.524	0
2000	1	10	0.01	2.431	0
2000	1	11	0	2.094	0.353877784
2000	1	12	0	1.901	0.369656533
2000	1	13	0.095	1.705	0.565941551
2000	1	14	0	1.668	0.154592195
2000	1	15	0	1.611	0.200521444
2000	1	16	0.833	1.536	0.250017114
2000	1	17	0.981	1.392	0.414423668
2000	1	18	1.308	1.35	0.944503303
2000	1	19	0.188	1.274	0.434373522
2000	1	20	1.56	1.254	0.556647861
2000	1	21	3.394	1.098	0.488870454
2000	1	22	7.692	1.252	0.429107988
2000	1	23	1.948	1.483	0.457014734
2000	1	24	0	1.471	0.166954422
2000	1	25	0	1.339	0.419141808
2000	1	26	0	1.171	0.325108094
2000	1	27	0	1.118	0.714566412
2000	1	28	9.856	1.014	0.922153019
2000	1	29	16.54	1.185	1.372779306
2000	1	30	6.26	2.501	1.295853224
2000	1	31	0.759	3.529	1.155080639
2000	2	1	0.042	3.036	1.396606615
2000	2	2	1.746	2.593	0.73056114
2000	2	3	0.443	2.306	0.691630197
2000	2	4	0.753	2.032	0.764353634
2000	2	5	0	1.856	1.311470478
2000	2	6	2.79	1.764	0.75425974
2000	2	7	6.666	1.61	1.07092687
2000	2	8	14.744	1.82	1.700965351
2000	2	9	0.286	2.679	1.719989973
2000	2	10	11.822	2.638	1.144528982
2000	2	11	0	2.955	0.826911182
2000	2	12	6.414	2.847	0.938039324
2000	2	13	2.411	2.726	0.966245486
2000	2	14	2.759	2.807	0.692390864
2000	2	15	9.114	2.79	0.775510332
2000	2	16	7.006	3.066	1.235184542
2000	2	17	2.78	3.428	1.109358938
2000	2	18	10.191	3.264	0.745373794
2000	2	19	2.059	3.574	0.855260851
2000	2	20	0.242	3.799	0.738842652
2000	2	21	0.151	3.561	0.588068972
2000	2	22	0.05	3.169	0.433940617
2000	2	23	1.329	3.001	0.812367609
2000	2	24	9.909	2.688	1.198528365
2000	2	25	0.546	2.858	1.126512636
2000	2	26	0.048	2.907	0.98923303
2000	2	27	0.071	2.601	2.076484616
2000	2	28	9.179	2.466	1.74464437
2000	2	29	11.143	2.424	1.293471611
2000	3	1	3.576	2.831	1.195458783
2000	3	2	1.603	3.239	1.297156158
2000	3	3	21.912	3.363	1.68297978
2000	3	4	1.425	5.067	1.223218369
2000	3	5	0	4.332	1.076948968
2000	3	6	0.111	3.762	1.342026644
2000	3	7	1.926	3.303	1.336089291
2000	3	8	5.806	3.069	1.309665603
2000	3	9	0.495	3.06	1.643960903
2000	3	10	0.825	2.669	1.008185266
2000	3	11	0.31	2.453	1.543113018
2000	3	12	0.027	2.222	1.298921571
2000	3	13	0.544	1.981	0.777040277
2000	3	14	3.388	1.832	1.285964629
2000	3	15	0.584	1.791	1.864685534
2000	3	16	0.588	1.616	0.926651656
2000	3	17	0.641	1.558	1.135853836
2000	3	18	1.34	1.441	1.384259627
2000	3	19	0	1.456	1.487169825
2000	3	20	0.013	1.326	0.880716368
2000	3	21	0	1.289	0.715096158
2000	3	22	0	1.211	1.734527358
2000	3	23	0.221	1.178	1.805334979
2000	3	24	8.723	1.137	0.919865779
2000	3	25	6.656	1.108	1.295642176
2000	3	26	3.046	1.309	1.436579439
2000	3	27	5.589	1.449	1.213364748
2000	3	28	0.069	1.59	1.178179094
2000	3	29	3.271	1.443	1.36941438
2000	3	30	7.806	1.39	1.101270425
2000	3	31	2.704	1.659	0.874281325
2000	4	1	2.827	2.047	0.933071301
2000	4	2	0.013	1.962	2.070127601
2000	4	3	0.873	1.746	2.841626144
2000	4	4	2.43	1.63	1.962390773
2000	4	5	0.176	1.468	2.772239123
2000	4	6	0	1.394	2.273320825
2000	4	7	0	1.169	2.269517439
2000	4	8	0.013	1.13	1.718506558
2000	4	9	0	1.103	4.140562894
2000	4	10	0	1.09	3.550639051
2000	4	11	5.043	0.991	2.353550527
2000	4	12	2.956	1.006	2.128219885
2000	4	13	8.45	0.964	1.800217322
2000	4	14	5.563	1.015	2.105499582
2000	4	15	1.851	1.163	2.026561411
2000	4	16	6.56	1.176	3.450144999
2000	4	17	2.153	1.204	2.986262871
2000	4	18	0.024	1.202	3.426896304
2000	4	19	0.394	1.232	2.96838936
2000	4	20	0.719	1.095	2.905274748
2000	4	21	0.282	1.031	2.946107909
2000	4	22	14.33	1.068	1.712149124
2000	4	23	5.365	1.504	1.143057541
2000	4	24	0.081	1.597	2.170161546
2000	4	25	0.026	1.455	3.649090289
2000	4	26	0.262	1.175	3.674893149
2000	4	27	0.328	1.07	2.164107563
2000	4	28	2.931	1.02	3.646509565
2000	4	29	0.21	1.07	1.329004311
2000	4	30	0.02	1.008	1.359796819
2000	5	1	0	0.918	1.8777177
2000	5	2	0.258	0.813	1.442046035
2000	5	3	0.334	0.742	1.492626938
2000	5	4	0.04	0.796	3.060697892
2000	5	5	0	0.792	6.028144927
2000	5	6	12.769	0.754	5.655347276
2000	5	7	2.508	0.794	5.062620425
2000	5	8	2.029	0.892	4.091730439
2000	5	9	0.067	0.835	3.896391274
2000	5	10	7.324	0.778	3.541220509
2000	5	11	7.232	0.871	5.930189268
2000	5	12	1.802	1.122	6.019668287
2000	5	13	0.692	0.868	5.479435519
2000	5	14	0.029	0.855	5.366837859
2000	5	15	0.013	0.687	5.400101133
2000	5	16	4.241	0.674	4.516917068
2000	5	17	1.323	0.76	3.884090095
2000	5	18	3.051	0.75	3.36869543
2000	5	19	5.604	0.69	1.886827315
2000	5	20	0.23	0.737	3.403519466
2000	5	21	9.921	0.727	1.380733882
2000	5	22	0.148	0.832	2.16118196
2000	5	23	1.365	0.748	2.147296029
2000	5	24	3.039	0.71	2.427209153
2000	5	25	3.094	0.792	3.502410533
2000	5	26	0.257	0.72	2.748068649
2000	5	27	2.868	0.601	4.709763371
2000	5	28	2.16	0.645	2.090548908
2000	5	29	2.36	0.652	3.11491105
2000	5	30	8.943	0.632	2.454487702
2000	5	31	0.051	0.612	3.996133513
2000	6	1	0.048	0.722	2.689023757
2000	6	2	0.013	0.627	4.381912574
2000	6	3	3.474	0.623	3.480004757
2000	6	4	0.155	0.749	3.843660331
2000	6	5	14.81	0.777	1.928633361
2000	6	6	1.898	0.827	2.121326074
2000	6	7	0	0.893	3.364332216
2000	6	8	0	0.661	5.955183436
2000	6	9	0.199	0.632	6.427747895
2000	6	10	0.059	0.507	3.801735236
2000	6	11	0	0.535	3.669857814
2000	6	12	0	0.485	3.622758284
2000	6	13	0.013	0.506	2.47706106
2000	6	14	0.017	0.435	2.637963029
2000	6	15	0.092	0.415	3.726108793
2000	6	16	0	0.45	4.7725011
2000	6	17	0	0.411	5.29457316
2000	6	18	0	0.414	6.233471788
2000	6	19	0	0.433	7.655911184
2000	6	20	0	0.325	6.742768176
2000	6	21	3.737	0.398	4.264633947
2000	6	22	0.398	0.394	3.495765462
2000	6	23	2.987	0.356	2.788285305
2000	6	24	2.048	0.377	2.83547618
2000	6	25	1.078	0.405	2.208940821
2000	6	26	0	0.351	3.341184825
2000	6	27	0	0.377	3.800332015
2000	6	28	0.025	0.337	3.554627449
2000	6	29	0.058	0.291	4.164701625
2000	6	30	1.825	0.342	4.158130895
2000	7	1	3.36	0.373	1.72868197
2000	7	2	22.257	0.447	2.871784727
2000	7	3	2.31	0.726	3.678800465
2000	7	4	9.484	0.51	2.639739754
2000	7	5	6.07	0.622	1.681395693
2000	7	6	0.094	0.545	2.919436674
2000	7	7	17.523	0.593	3.404208949
2000	7	8	2.384	0.799	1.796994382
2000	7	9	15.629	0.629	1.668267853
2000	7	10	7.71	1.026	3.691018642
2000	7	11	8.217	1.266	2.123490412
2000	7	12	2.134	1.577	5.057681152
2000	7	13	12.517	1.041	1.75335047
2000	7	14	9.296	1.391	2.258407011
2000	7	15	10.535	1.977	2.274462051
2000	7	16	4.991	2.205	2.29083219
2000	7	17	0.159	2.136	2.031088443
2000	7	18	0.294	1.504	2.484539411
2000	7	19	0.037	1.245	3.15629835
2000	7	20	0	1.044	4.343063819
2000	7	21	0	0.885	2.596128999
2000	7	22	0	0.724	2.329743814
2000	7	23	6.84	0.753	3.725612691
2000	7	24	17.206	0.763	3.580949648
2000	7	25	1.544	1.412	2.332148613
2000	7	26	3.192	1.516	1.540700684
2000	7	27	10.39	1.4	2.492075422
2000	7	28	3.788	1.656	3.04526637
2000	7	29	4.68	1.79	1.89688462
2000	7	30	1.772	1.693	3.098286529
2000	7	31	0.029	1.623	4.117767799
2000	8	1	4.239	1.242	3.689892169
2000	8	2	1.073	1.102	4.778686566
2000	8	3	6.344	1.042	3.411577562
2000	8	4	0.278	1.143	2.612310785
2000	8	5	0.051	1.009	3.078291183
2000	8	6	0.037	0.816	2.767196621
2000	8	7	2.377	0.752	3.046932786
2000	8	8	2.448	0.803	3.059326537
2000	8	9	0.064	0.72	3.455193972
2000	8	10	0.062	0.756	1.986473639
2000	8	11	0.035	0.599	3.048257006
2000	8	12	0	0.631	3.890783357
2000	8	13	0.04	0.598	4.068379601
2000	8	14	0.044	0.545	2.988626808
2000	8	15	1.48	0.58	2.347052843
2000	8	16	3.07	0.558	3.583926901
2000	8	17	0.061	0.59	4.174537573
2000	8	18	18.777	0.502	3.104704209
2000	8	19	4.282	0.728	2.237793339
2000	8	20	12.899	0.711	2.804273779
2000	8	21	0.272	0.998	2.632865456
2000	8	22	0.024	0.976	2.452100207
2000	8	23	0	0.862	4.005964384
2000	8	24	0	0.555	3.643163918
2000	8	25	0	0.546	2.066799758
2000	8	26	6.286	0.547	4.463478202
2000	8	27	1.259	0.582	1.206654487
2000	8	28	1.345	0.571	1.888992371
2000	8	29	0.044	0.472	2.18982939
2000	8	30	0.024	0.48	2.657285542
2000	8	31	0.024	0.469	2.560370633

